------------------------------------------------------------
 Current-Voltage
------------------------------------------------------------
Voltage, Current
                   0,                    0
                 0.1,          9.36713e-05
                 0.2,         0.0001776447
                 0.3,         0.0002279636
                 0.4,         0.0002465321
                 0.5,         0.0002649171
                 0.6,         0.0002689466
                 0.7,          0.000272252
                 0.8,         0.0002753421
                 0.9,         0.0002747772
                   1,         0.0002785874

