------------------------------------------------------------
 Current-Voltage
------------------------------------------------------------
Voltage, Current
                   0,                    0
                 0.1,         7.812174e-05
                 0.2,         0.0001264692
                 0.3,         0.0001495967
                 0.4,         0.0001647492
                 0.5,         0.0001782313
                 0.6,         0.0001896908
                 0.7,         0.0002010875
                 0.8,         0.0002126912
                 0.9,         0.0002228452
                   1,         0.0002321521

