------------------------------------------------------------
 Drain Current vs. Drain Voltage
------------------------------------------------------------
Drain Voltage (V), Drain Current (A)
                   0,          9.15837e-59
          0.00502513,          7.56129e-09
           0.0100503,          1.08998e-08
           0.0150754,          1.18457e-08
           0.0201005,           1.2077e-08
           0.0251256,          1.21315e-08
           0.0301508,          1.21442e-08
           0.0351759,          1.21472e-08
            0.040201,          1.21479e-08
           0.0452261,           1.2148e-08
           0.0502513,          1.21481e-08
           0.0552764,          1.21481e-08
           0.0603015,          1.21481e-08
           0.0653266,          1.21481e-08
           0.0703518,          1.21481e-08
           0.0753769,          1.21481e-08
            0.080402,          1.21481e-08
           0.0854271,          1.21481e-08
           0.0904523,          1.21481e-08
           0.0954774,          1.21481e-08
            0.100503,          1.21481e-08
            0.105528,          1.21481e-08
            0.110553,          1.21481e-08
            0.115578,          1.21481e-08
            0.120603,          1.21481e-08
            0.125628,          1.21481e-08
            0.130653,          1.21481e-08
            0.135678,          1.21481e-08
            0.140704,          1.21481e-08
            0.145729,          1.21481e-08
            0.150754,          1.21481e-08
            0.155779,          1.21481e-08
            0.160804,          1.21481e-08
            0.165829,          1.21481e-08
            0.170854,          1.21481e-08
            0.175879,          1.21481e-08
            0.180905,          1.21481e-08
             0.18593,          1.21481e-08
            0.190955,          1.21481e-08
             0.19598,          1.21481e-08
            0.201005,          1.21481e-08
             0.20603,          1.21481e-08
            0.211055,          1.21481e-08
             0.21608,          1.21481e-08
            0.221106,          1.21481e-08
            0.226131,          1.21481e-08
            0.231156,          1.21481e-08
            0.236181,          1.21481e-08
            0.241206,          1.21481e-08
            0.246231,          1.21481e-08
            0.251256,          1.21481e-08
            0.256281,          1.21481e-08
            0.261307,          1.21481e-08
            0.266332,          1.21481e-08
            0.271357,          1.21481e-08
            0.276382,          1.21481e-08
            0.281407,          1.21481e-08
            0.286432,          1.21481e-08
            0.291457,          1.21481e-08
            0.296482,          1.21481e-08
            0.301508,          1.21481e-08
            0.306533,          1.21481e-08
            0.311558,          1.21481e-08
            0.316583,          1.21481e-08
            0.321608,          1.21481e-08
            0.326633,          1.21481e-08
            0.331658,          1.21481e-08
            0.336683,          1.21481e-08
            0.341709,          1.21481e-08
            0.346734,          1.21481e-08
            0.351759,          1.21481e-08
            0.356784,          1.21481e-08
            0.361809,          1.21483e-08
            0.366834,          1.21489e-08
            0.371859,          1.21515e-08
            0.376884,          1.21628e-08
             0.38191,           1.2211e-08
            0.386935,          1.24137e-08
             0.39196,          1.32121e-08
            0.396985,           1.5688e-08
             0.40201,          1.98686e-08
            0.407035,          2.27948e-08
             0.41206,          2.38247e-08
            0.417085,          2.40936e-08
            0.422111,           2.4158e-08
            0.427136,          2.41731e-08
            0.432161,          2.41766e-08
            0.437186,          2.41774e-08
            0.442211,          2.41776e-08
            0.447236,          2.41776e-08
            0.452261,          2.41777e-08
            0.457286,          2.41777e-08
            0.462312,          2.41779e-08
            0.467337,          2.41786e-08
            0.472362,          2.41815e-08
            0.477387,          2.41943e-08
            0.482412,          2.42489e-08
            0.487437,          2.44779e-08
            0.492462,          2.53677e-08
            0.497487,          2.80146e-08
            0.502513,          3.21316e-08
            0.507538,          3.47788e-08
            0.512563,          3.56688e-08
            0.517588,          3.58978e-08
            0.522613,          3.59524e-08
            0.527638,          3.59652e-08
            0.532663,          3.59682e-08
            0.537688,          3.59689e-08
            0.542714,           3.5969e-08
            0.547739,           3.5969e-08
            0.552764,          3.59691e-08
            0.557789,          3.59691e-08
            0.562814,          3.59691e-08
            0.567839,          3.59691e-08
            0.572864,          3.59691e-08
            0.577889,          3.59693e-08
            0.582915,          3.59703e-08
             0.58794,          3.59742e-08
            0.592965,          3.59894e-08
             0.59799,          3.60324e-08
            0.603015,          3.60939e-08
             0.60804,          3.61304e-08
            0.613065,          3.61422e-08
             0.61809,          3.61451e-08
            0.623116,          3.61459e-08
            0.628141,           3.6146e-08
            0.633166,          3.61461e-08
            0.638191,          3.61461e-08
            0.643216,          3.61461e-08
            0.648241,          3.61461e-08
            0.653266,          3.61461e-08
            0.658291,          3.61461e-08
            0.663317,          3.61461e-08
            0.668342,          3.61461e-08
            0.673367,          3.61461e-08
            0.678392,          3.61462e-08
            0.683417,          3.61465e-08
            0.688442,          3.61481e-08
            0.693467,          3.61538e-08
            0.698492,          3.61692e-08
            0.703518,          3.61894e-08
            0.708543,          3.62005e-08
            0.713568,           3.6204e-08
            0.718593,          3.62049e-08
            0.723618,          3.62052e-08
            0.728643,          3.62052e-08
            0.733668,          3.62052e-08
            0.738693,          3.62052e-08
            0.743719,          3.62052e-08
            0.748744,          3.62052e-08
            0.753769,          3.62052e-08
            0.758794,          3.62053e-08
            0.763819,          3.62054e-08
            0.768844,          3.62057e-08
            0.773869,          3.62074e-08
            0.778894,          3.62138e-08
             0.78392,          3.62351e-08
            0.788945,          3.62764e-08
             0.79397,          3.63144e-08
            0.798995,          3.63427e-08
             0.80402,          3.63655e-08
            0.809045,          3.63762e-08
             0.81407,          3.63794e-08
            0.819095,          3.63802e-08
            0.824121,          3.63804e-08
            0.829146,          3.63804e-08
            0.834171,          3.63804e-08
            0.839196,          3.63804e-08
            0.844221,          3.63804e-08
            0.849246,          3.63804e-08
            0.854271,          3.63804e-08
            0.859296,          3.63805e-08
            0.864322,          3.63808e-08
            0.869347,           3.6382e-08
            0.874372,          3.63874e-08
            0.879397,          3.64104e-08
            0.884422,          3.65081e-08
            0.889447,          3.69103e-08
            0.894472,          3.83647e-08
            0.899497,          4.18738e-08
            0.904523,          4.57159e-08
            0.909548,           4.7531e-08
            0.914573,          4.80598e-08
            0.919598,          4.81903e-08
            0.924623,          4.82211e-08
            0.929648,          4.82283e-08
            0.934673,          4.82299e-08
            0.939698,          4.82303e-08
            0.944724,          4.82304e-08
            0.949749,          4.82304e-08
            0.954774,          4.82304e-08
            0.959799,          4.82305e-08
            0.964824,          4.82305e-08
            0.969849,          4.82305e-08
            0.974874,          4.82305e-08
            0.979899,          4.82305e-08
            0.984925,          4.82306e-08
             0.98995,          4.82309e-08
            0.994975,          4.82311e-08
                   1,          4.82315e-08

