------------------------------------------------------------
 Current-Voltage
------------------------------------------------------------
Voltage, Current
                   0,         1.157037e-06
                 0.1,         2.705607e-06
                 0.2,         5.562892e-06
                 0.3,         1.038841e-05
                 0.4,         1.806006e-05
                 0.5,         2.939108e-05
                 0.6,         4.339333e-05
                 0.7,          6.38868e-05
                 0.8,         9.226782e-05
                 0.9,         0.0001271784
                   1,         0.0001693831
                 1.1,         0.0002081064
                 1.2,         0.0002527314
                 1.3,         0.0003072461
                 1.4,         0.0003934368
                 1.5,         0.0004312371

