------------------------------------------------------------
 Current-Voltage
------------------------------------------------------------
Voltage, Current
                   0,         1.807171e-06
                 0.1,         3.927812e-06
                 0.2,         7.570277e-06
                 0.3,         1.332971e-05
                 0.4,         2.193046e-05
                 0.5,         3.397773e-05
                 0.6,         5.071292e-05
                 0.7,         7.281255e-05
                 0.8,         0.0001019773
                 0.9,         0.0001360894
                   1,         0.0001753855
                 1.1,         0.0002185848
                 1.2,         0.0002634851
                 1.3,          0.000319524
                 1.4,         0.0004070835
                 1.5,         0.0004636561

